# Interpolated profile:
1.66171354884 -12.8404221081 -5.83775307989 -18.678175188
1.60810988597 -12.8354954288 -5.84142601251 -18.6769214413
1.55450622311 -12.834024441 -5.84131128582 -18.6753357268
1.50090256024 -12.8347412166 -5.83936940514 -18.6741106217
1.44729889737 -12.8344409785 -5.8366548909 -18.6710958694
1.39369523451 -12.8317436476 -5.83532381557 -18.6670674632
1.34009157164 -12.8260566729 -5.8365865988 -18.6626432717
1.28648790878 -12.8164854226 -5.84135413713 -18.6578395597
1.23288424591 -12.8020607783 -5.85041401359 -18.6524747919
1.17928058305 -12.7842440207 -5.86210279735 -18.6463468181
1.12567692018 -12.7668423996 -5.87124312751 -18.6380855271
1.07207325731 -12.7508822555 -5.87742593211 -18.6283081876
1.01846959445 -12.7349181535 -5.8824722445 -18.617390398
0.964865931583 -12.7174772089 -5.88792571961 -18.6054029285
0.911262268717 -12.6981447176 -5.89451834912 -18.5926630667
0.857658605852 -12.6773321284 -5.90209096096 -18.5794230893
0.804054942986 -12.6552187973 -5.91105785091 -18.5662766482
0.75045128012 -12.6309835144 -5.92320213005 -18.5541856444
0.696847617255 -12.6058197589 -5.93805962051 -18.5438793794
0.643243954389 -12.58141695 -5.95281601685 -18.5342329668
0.589640291523 -12.555733251 -5.97013151653 -18.5258647675
0.536036628657 -12.5342639022 -5.98500210372 -18.519266006
0.482432965792 -12.5280611019 -5.98424183538 -18.5123029373
0.428829302926 -12.5313439942 -5.9716376333 -18.5029816275
0.37522564006 -12.5298048399 -5.96577963621 -18.4955844761
0.321621977194 -12.52364525 -5.97011642064 -18.4937616707
0.268018314329 -12.5179784256 -5.97671148678 -18.4946899124
0.214414651463 -12.5142625692 -5.98468282132 -18.4989453906
0.160810988597 -12.5115200656 -5.99474934867 -18.5062694143
0.107207325731 -12.5107066702 -6.00504407519 -18.5157507454
0.0536036628657 -12.5142474116 -6.00890229361 -18.5231497053
0.0 -12.5154830125 -6.01027934781 -18.5257623603
-0.0536036628657 -12.5105166587 -6.01261399596 -18.5231306546
-0.107207325731 -12.5073628145 -6.00818356886 -18.5155463834
-0.160810988597 -12.5117395451 -5.99494259678 -18.5066821419
-0.214414651463 -12.5169747004 -5.98206883385 -18.4990435342
-0.268018314329 -12.5202729901 -5.97470215259 -18.4949751427
-0.321621977194 -12.5233726375 -5.97041353822 -18.4937861757
-0.37522564006 -12.526367689 -5.96863811687 -18.4950058059
-0.428829302926 -12.5266488784 -5.97548283041 -18.5021317088
-0.482432965792 -12.5254758405 -5.98652987748 -18.512005718
-0.536036628657 -12.5346131935 -5.98416682016 -18.5187800136
-0.589640291523 -12.5568914712 -5.96828398928 -18.5251754605
-0.643243954389 -12.5816348094 -5.95208181612 -18.5337166255
-0.696847617255 -12.605329973 -5.93804455651 -18.5433745295
-0.75045128012 -12.6303158698 -5.92358161535 -18.5538974851
-0.804054942986 -12.6539365285 -5.9118778802 -18.5658144087
-0.857658605852 -12.6744474699 -5.90444310666 -18.5788905766
-0.911262268717 -12.6939030246 -5.89819569699 -18.5920987216
-0.964865931583 -12.7145762229 -5.8900023503 -18.6045785732
-1.01846959445 -12.7380569682 -5.8781959879 -18.6162529561
-1.07207325731 -12.7627305268 -5.86356021864 -18.6262907455
-1.12567692018 -12.7835247152 -5.85104593671 -18.6345706519
-1.17928058305 -12.7983858817 -5.8439746796 -18.6423605613
-1.23288424591 -12.8093892266 -5.84080418273 -18.6501934094
-1.28648790878 -12.8179100188 -5.83949428737 -18.6574043062
-1.34009157164 -12.8246187212 -5.8387228781 -18.6633415993
-1.39369523451 -12.830514778 -5.8372362934 -18.6677510714
-1.44729889737 -12.8353783788 -5.83549623207 -18.6708746109
-1.50090256024 -12.8388396304 -5.83434928846 -18.6731889189
-1.55450622311 -12.8407170721 -5.83438211285 -18.675099185
-1.60810988597 -12.8409162424 -5.83614322054 -18.6770594629
-1.66171354884 -12.8390144522 -5.84026585057 -18.6792803028
