# Optimized profile:
1.86068992586 -12.6807593852 -5.79344736539 -18.4742067506
1.70192531546 -12.6871228432 -5.77660412088 -18.4637269641
1.53173278392 -12.683212468 -5.77404564743 -18.4572581155
1.36154025237 -12.6747885842 -5.77194677589 -18.44673536
1.19134772082 -12.6321826613 -5.79874503223 -18.4309276935
1.02115518928 -12.6084998707 -5.79093903397 -18.3994389046
0.850962657731 -12.5551130128 -5.81839717994 -18.3735101927
0.680770126185 -12.4874490916 -5.88748758216 -18.3749366738
0.510577594639 -12.4909545893 -5.88997543918 -18.3809300285
0.340385063092 -12.4902592604 -5.92996984941 -18.4202291098
0.170192531546 -12.4973589568 -5.96092555764 -18.4582845145
0.0 -12.4978369132 -5.97746786357 -18.4753047767
-0.170192531546 -12.4969569987 -5.96218598988 -18.4591429885
-0.340385063092 -12.488556406 -5.93252360977 -18.4210800158
-0.510577594639 -12.4930826985 -5.88822781608 -18.3813105145
-0.680770126185 -12.4831151265 -5.89156965958 -18.3746847861
-0.850962657731 -12.5374414975 -5.84005315592 -18.3774946534
-1.02115518928 -12.5915922027 -5.8119306366 -18.4035228393
-1.19134772082 -12.6495666691 -5.77850758131 -18.4280742505
-1.36154025237 -12.6740145817 -5.77391234793 -18.4479269296
-1.53173278392 -12.6868294128 -5.77079628903 -18.4576257018
-1.70192531546 -12.687870919 -5.77702989643 -18.4649008154
-1.83313865248 -12.6788845982 -5.79120588794 -18.4700904861
