# Interpolated profile:
1.70192531546 -12.6871228432 -5.77660412079 -18.463726964
1.64702449883 -12.6834953422 -5.77817255791 -18.4616679001
1.59212368221 -12.6825953467 -5.7773011735 -18.4598965202
1.53722286558 -12.6831746034 -5.77434605825 -18.4575206617
1.48232204895 -12.6828879486 -5.77192672301 -18.4548146716
1.42742123232 -12.6807094729 -5.77037346787 -18.4510829408
1.3725204157 -12.6761448145 -5.77120041536 -18.4473452299
1.31761959907 -12.6668821356 -5.77718674645 -18.444068882
1.26271878244 -12.6516212512 -5.78767198656 -18.4392932378
1.20781796581 -12.6357673825 -5.79733234837 -18.4330997309
1.15291714918 -12.6268639144 -5.79842082662 -18.4252847411
1.09801633256 -12.6222238353 -5.79317679983 -18.4154006351
1.04311551593 -12.6139369563 -5.78995233498 -18.4038892913
0.988214699301 -12.5982121141 -5.79516225108 -18.3933743652
0.933313882673 -12.5790411625 -5.8053162505 -18.384357413
0.878413066045 -12.5622071069 -5.81425364734 -18.3764607543
0.823512249417 -12.5479205135 -5.82375295037 -18.3716734639
0.768611432789 -12.5279782954 -5.84320325162 -18.371181547
0.713710616162 -12.5011087969 -5.8718084576 -18.3729172545
0.658809799534 -12.4810029413 -5.89421237247 -18.3752153138
0.603908982906 -12.4732420948 -5.89579125462 -18.3690333494
0.549008166278 -12.4835491302 -5.88978708389 -18.3733362141
0.49410734965 -12.4916674897 -5.89193814926 -18.3836056389
0.439206533023 -12.490396424 -5.90331256018 -18.3937089842
0.384305716395 -12.490306937 -5.91829123305 -18.40859817
0.329404899767 -12.4903284767 -5.93259108176 -18.4229195584
0.274504083139 -12.492016031 -5.94388822297 -18.4359042539
0.219603266511 -12.4950698958 -5.95324179493 -18.4483116908
0.164702449883 -12.4975306711 -5.96175927813 -18.4592899492
0.109801633256 -12.4983466247 -5.96958837922 -18.4679350039
0.0549008166278 -12.4981354828 -5.9753260445 -18.4734615273
0.0 -12.4978369132 -5.9774678637 -18.4753047769
-0.0549008166278 -12.4980833998 -5.97534616802 -18.4734295678
-0.109801633256 -12.4981529989 -5.96998409815 -18.468137097
-0.164702449883 -12.4971527474 -5.96292700415 -18.4600797515
-0.219603266511 -12.494319863 -5.9554119197 -18.4497317827
-0.274504083139 -12.4906162135 -5.94683824658 -18.4374544601
-0.329404899767 -12.4885538355 -5.93535247591 -18.4239063114
-0.384305716395 -12.4898017248 -5.9195584997 -18.4093602245
-0.439206533023 -12.4923449512 -5.90286803357 -18.3952129848
-0.49410734965 -12.4936997845 -5.8903731791 -18.3840729636
-0.549008166278 -12.4885412507 -5.88712759306 -18.3756688437
-0.603908982906 -12.4804887824 -5.89267595189 -18.3731647343
-0.658809799534 -12.4803048921 -5.89511796519 -18.3754228573
-0.713710616162 -12.4910471298 -5.88156920287 -18.3726163327
-0.768611432789 -12.511530594 -5.85991009442 -18.3714406884
-0.823512249417 -12.5307207982 -5.84406794867 -18.3747887468
-0.878413066045 -12.5436812425 -5.8371063056 -18.3807875481
-0.933313882673 -12.5587087834 -5.83015885975 -18.3888676432
-0.988214699301 -12.5782423847 -5.81976586454 -18.3980082493
-1.04311551593 -12.6010122038 -5.80613040767 -18.4071426115
-1.09801633256 -12.6241040142 -5.79159180278 -18.4156958169
-1.15291714918 -12.6416042967 -5.78159240441 -18.4231967011
-1.20781796581 -12.6523597297 -5.77781882037 -18.4301785501
-1.26271878244 -12.6609151689 -5.77622171174 -18.4371368806
-1.31761959907 -12.668694752 -5.77485305999 -18.443547812
-1.3725204157 -12.6752246037 -5.77364693582 -18.4488715395
-1.42742123232 -12.6805703639 -5.77217608549 -18.4527464494
-1.48232204895 -12.6845472535 -5.77104171239 -18.4555889659
-1.53722286558 -12.6870073818 -5.7708267761 -18.4578341579
-1.59212368221 -12.6880386225 -5.77193033452 -18.4599689571
-1.64702449883 -12.6880895993 -5.77435233737 -18.4624419367
-1.70192531546 -12.687870919 -5.77702989643 -18.4649008154
